[gd_scene load_steps=9 format=2]

[ext_resource path="res://CameraMove.cs" type="Script" id=1]
[ext_resource path="res://Player.cs" type="Script" id=2]

[sub_resource type="PlaneMesh" id=1]

[sub_resource type="SpatialMaterial" id=8]

[sub_resource type="ProceduralSky" id=9]

[sub_resource type="Environment" id=5]
background_mode = 2
background_sky = SubResource( 9 )
background_color = Color( 0.117647, 0.117647, 0.117647, 1 )
ambient_light_energy = 0.9
fog_enabled = true
fog_color = Color( 0.501961, 0.6, 0.701961, 0.215686 )
adjustment_brightness = 2.07
adjustment_contrast = 1.36

[sub_resource type="CubeMesh" id=6]

[sub_resource type="SpatialMaterial" id=7]
params_diffuse_mode = 1
albedo_color = Color( 0.0470588, 1, 0, 1 )

[node name="SampleScene" type="Spatial"]

[node name="DirectionalLight" type="DirectionalLight" parent="."]
transform = Transform( -0.0580127, 0.82476, -0.5625, -0.25, 0.533494, 0.808013, 0.966506, 0.1875, 0.17524, 0, 1, 0 )
layers = 0
light_color = Color( 0.960784, 0.745098, 0.666667, 1 )
shadow_enabled = true
shadow_color = Color( 0.803922, 0.392157, 1, 1 )
shadow_contact = 0.5
shadow_reverse_cull_face = true

[node name="Plane" type="MeshInstance" parent="."]
transform = Transform( 10, 0, 0, 0, 10, 0, 0, 0, 10, 0, 0, 0 )
mesh = SubResource( 1 )
material/0 = SubResource( 8 )

[node name="TrackingCamera" type="Position3D" parent="."]
transform = Transform( 0.707107, 0, 0.707107, 0, 1, 0, -0.707107, 0, 0.707107, 0, 0, 0 )

[node name="Camera" type="Camera" parent="TrackingCamera"]
transform = Transform( 1, 0, 0, 0, 0.866025, 0.5, 0, -0.5, 0.866025, 0, 40, 69.225 )
keep_aspect = 0
environment = SubResource( 5 )
projection = 1
size = 12.0
script = ExtResource( 1 )
MinSpeed = 0.017
MaxSpeed = 0.02

[node name="Player" type="MeshInstance" parent="."]
transform = Transform( 0.1, 0, 0, 0, 0.1, 0, 0, 0, 0.1, 0, 0.1, 0 )
mesh = SubResource( 6 )
material/0 = SubResource( 7 )
script = ExtResource( 2 )
